bonds 8 R K_b
0 4 1.529 2242.624
2 0 1.090 2845.120
3 0 1.090 2845.120
1 0 1.090 2845.120
5 4 1.090 2845.120
6 4 1.090 2845.120
4 7 1.410 2677.760
8 7 0.945 4627.500
angles 13 theta k_theta
1 0 4 108.5 292.880
2 0 4 108.5 292.880
3 0 4 108.5 292.880
3 0 2 107.8 276.144
3 0 1 107.8 276.144
2 0 1 107.8 276.144
5 4 6 107.8 276.144
0 4 6 110.7 313.800
0 4 5 110.7 313.800
0 4 7 109.5 414.400
4 7 8 108.5 460.240
5 4 7 109.5 292.880
6 4 7 109.5 292.880
dihedrals 12 C_1 C_2 C_3 C_4
1 0 4 5 0.62760 1.88280 0.00000 -3.91622
2 0 4 5 0.62760 1.88280 0.00000 -3.91622
3 0 4 5 0.62760 1.88280 0.00000 -3.91622
1 0 4 6 0.62760 1.88280 0.00000 -3.91622
2 0 4 6 0.62760 1.88280 0.00000 -3.91622
3 0 4 6 0.62760 1.88280 0.00000 -3.91622
1 0 4 7 0.97905 2.93716 0.00000 -3.91622
2 0 4 7 0.97905 2.93716 0.00000 -3.91622
3 0 4 7 0.97905 2.93716 0.00000 -3.91622
0 4 7 8 -0.44310 3.83255 0.72801 -4.11705
5 4 7 8 0.94140 2.82420 0.00000 -3.76560
6 4 7 8 0.94140 2.82420 0.00000 -3.76560